idx 90 0.7196304849884526 0.7437629937629938 0.7939429928741093 0.8024948024948027 0.801330008312552 0.8035343035343036 0.8130193905817175 0.817047817047817 0.8298755186721992 
idx 100 0.7168591224018476 0.7463617463617463 0.7969121140142518 0.8024948024948027 0.798836242726517 0.8004158004158004 0.8144044321329639 0.8128898128898129 0.821576763485477 
idx 110 0.7177829099307159 0.7458419958419958 0.7975059382422803 0.8024948024948027 0.8029925187032418 0.8056133056133056 0.8116343490304708 0.8045738045738047 0.8257261410788381 
idx 120 0.7136258660508084 0.747920997920998 0.7998812351543944 0.8018018018018018 0.8046550290939318 0.8076923076923077 0.8116343490304708 0.8108108108108109 0.8174273858921162 
idx 130 0.7131639722863741 0.7474012474012475 0.7986935866983375 0.8018018018018018 0.8063175394846218 0.8045738045738047 0.8130193905817175 0.8087318087318087 0.821576763485477 
idx 140 0.7140877598152425 0.7442827442827443 0.7969121140142518 0.8031878031878031 0.8054862842892767 0.8024948024948027 0.8102493074792243 0.8191268191268192 0.8174273858921162 
idx 150 0.7131639722863741 0.7453222453222453 0.7951306413301663 0.7997227997227998 0.8088113050706567 0.7993762993762994 0.8144044321329639 0.8128898128898129 0.8257261410788381 
idx 160 0.71270207852194 0.747920997920998 0.7927553444180522 0.7962577962577962 0.8038237738985868 0.7941787941787941 0.8074792243767313 0.8045738045738047 0.8132780082987552 
idx 170 0.7099307159353347 0.7463617463617463 0.7909738717339667 0.7976437976437977 0.801330008312552 0.7962577962577962 0.8047091412742382 0.8128898128898129 0.8298755186721992 
idx 180 0.7090069284064665 0.7468814968814969 0.7868171021377672 0.7948717948717948 0.7980049875311721 0.7983367983367984 0.8074792243767313 0.8108108108108109 0.821576763485477 
idx 190 0.7066974595842956 0.7484407484407484 0.7874109263657957 0.7941787941787941 0.802161263507897 0.7983367983367984 0.8060941828254847 0.8108108108108109 0.8257261410788381 
idx 200 0.7030023094688221 0.7442827442827443 0.7850356294536815 0.7948717948717948 0.800498753117207 0.7931392931392931 0.8102493074792243 0.8128898128898129 0.8257261410788381 
idx 210 0.7043879907621247 0.7474012474012475 0.7838479809976246 0.7934857934857935 0.797173732335827 0.7931392931392931 0.8060941828254847 0.8087318087318087 0.8298755186721992 
0 0.7043879907621247 0.7474012474012475 0.7838479809976246 0.7934857934857935 0.797173732335827 0.7931392931392931 0.8060941828254847 0.8087318087318087 0.8298755186721992 
231.0 minutes
idx 220 0.7071593533487297 0.7437629937629938 0.7785035629453682 0.7927927927927928 0.797173732335827 0.7910602910602911 0.8060941828254847 0.8128898128898129 0.8298755186721992 
idx 230 0.7057736720554273 0.7422037422037422 0.7773159144893111 0.7948717948717948 0.7963424771404821 0.7920997920997921 0.8088642659279779 0.814968814968815 0.8381742738589212 
idx 240 0.7053117782909931 0.7437629937629938 0.7802850356294538 0.7976437976437977 0.801330008312552 0.7910602910602911 0.8047091412742382 0.8066528066528068 0.821576763485477 
idx 250 0.702540415704388 0.7416839916839917 0.7767220902612827 0.7948717948717948 0.7980049875311721 0.7910602910602911 0.8088642659279779 0.814968814968815 0.821576763485477 
idx 260 0.7011547344110854 0.7437629937629938 0.7737529691211401 0.7914067914067914 0.8038237738985868 0.7900207900207901 0.8047091412742382 0.8128898128898129 0.8174273858921162 
idx 270 0.7030023094688221 0.7442827442827443 0.7779097387173397 0.7914067914067914 0.802161263507897 0.7931392931392931 0.8074792243767313 0.8087318087318087 0.821576763485477 
idx 280 0.6997690531177829 0.7437629937629938 0.7790973871733967 0.7900207900207901 0.798836242726517 0.7920997920997921 0.8060941828254847 0.8045738045738047 0.8132780082987552 
idx 290 0.6997690531177829 0.7442827442827443 0.7749406175771971 0.7914067914067914 0.8063175394846218 0.7972972972972974 0.8047091412742382 0.8004158004158004 0.8132780082987552 
idx 300 0.6983833718244804 0.7422037422037422 0.7755344418052257 0.7865557865557865 0.802161263507897 0.7962577962577962 0.7977839335180056 0.8024948024948027 0.8174273858921162 
idx 310 0.6979214780600462 0.7406444906444907 0.7773159144893111 0.7900207900207901 0.802161263507897 0.7983367983367984 0.8088642659279779 0.8045738045738047 0.8174273858921162 
idx 320 0.6965357967667436 0.7411642411642412 0.7749406175771971 0.7900207900207901 0.8029925187032418 0.7993762993762994 0.8074792243767313 0.8045738045738047 0.8132780082987552 
idx 330 0.6946882217090069 0.7401247401247402 0.772565320665083 0.7858627858627859 0.801330008312552 0.8045738045738047 0.8019390581717452 0.7983367983367984 0.8257261410788381 
idx 340 0.6974595842956121 0.7411642411642412 0.7707838479809976 0.7865557865557865 0.8029925187032418 0.8004158004158004 0.8074792243767313 0.8066528066528068 0.8298755186721992 
idx 350 0.6965357967667436 0.738045738045738 0.7707838479809976 0.7837837837837838 0.7963424771404821 0.8035343035343036 0.8088642659279779 0.8066528066528068 0.8298755186721992 
idx 360 0.6951501154734411 0.739085239085239 0.7701900237529691 0.7858627858627859 0.797173732335827 0.7983367983367984 0.8102493074792243 0.8128898128898129 0.8257261410788381 
idx 370 0.6974595842956121 0.737006237006237 0.7713776722090261 0.7879417879417878 0.7980049875311721 0.7993762993762994 0.8088642659279779 0.8108108108108109 0.8257261410788381 
idx 380 0.6960739030023094 0.7349272349272349 0.7660332541567696 0.7837837837837838 0.798836242726517 0.7993762993762994 0.8033240997229917 0.8045738045738047 0.8257261410788381 
idx 390 0.6951501154734411 0.7385654885654885 0.7695961995249406 0.7823977823977822 0.7946799667497921 0.7962577962577962 0.8088642659279779 0.8087318087318087 0.8298755186721992 
idx 400 0.6969976905311779 0.7375259875259875 0.7690023752969121 0.781011781011781 0.7938487115544473 0.7983367983367984 0.8060941828254847 0.8087318087318087 0.8298755186721992 
idx 410 0.6937644341801386 0.7344074844074844 0.7684085510688835 0.7823977823977822 0.798836242726517 0.7962577962577962 0.8088642659279779 0.8066528066528068 0.8257261410788381 
idx 420 0.6937644341801386 0.7349272349272349 0.767814726840855 0.7775467775467776 0.7963424771404821 0.7941787941787941 0.8074792243767313 0.8066528066528068 0.8298755186721992 
1 0.6937644341801386 0.7349272349272349 0.767814726840855 0.7775467775467776 0.7963424771404821 0.7941787941787941 0.8074792243767313 0.8066528066528068 0.8298755186721992 
584.0 minutes
