idx 200 0.6974169741697417 0.7075471698113207 0.7352307028891764 0.7369215291750503 0.7518115942028986 0.7418867924528302 0.7515090543259557 0.746606334841629 0.7349397590361445 
idx 210 0.6987588057698759 0.710566037735849 0.7369555843035792 0.7359154929577465 0.7560386473429952 0.7464150943396225 0.750503018108652 0.7496229260935143 0.7349397590361445 
0 0.6987588057698759 0.710566037735849 0.7369555843035792 0.7359154929577465 0.7560386473429952 0.7464150943396225 0.750503018108652 0.7496229260935143 0.7349397590361445 
36.0 minutes
idx 220 0.6970815162697082 0.7083018867924529 0.7360931435963778 0.7364185110663984 0.7566425120772947 0.7449056603773585 0.7515090543259557 0.7481146304675717 0.7379518072289157 
idx 230 0.7007715531700771 0.7086792452830188 0.7373868046571799 0.738933601609658 0.7560386473429952 0.7426415094339622 0.7494969818913482 0.7481146304675717 0.7409638554216867 
idx 240 0.7037906742703791 0.7083018867924529 0.7352307028891764 0.7334004024144869 0.7524154589371981 0.7426415094339622 0.750503018108652 0.7450980392156863 0.7349397590361445 
idx 250 0.7034552163703455 0.7101886792452831 0.7352307028891764 0.7339034205231388 0.7530193236714976 0.7456603773584904 0.7494969818913482 0.7450980392156863 0.7379518072289157 
idx 260 0.7054679637705468 0.7101886792452831 0.7339370418283743 0.7344064386317908 0.7536231884057971 0.7449056603773585 0.750503018108652 0.7481146304675717 0.7439759036144579 
idx 270 0.7071452532707145 0.709056603773585 0.7339370418283743 0.7334004024144869 0.7518115942028986 0.7479245283018868 0.7535211267605635 0.7481146304675717 0.7439759036144579 
idx 280 0.7071452532707145 0.709056603773585 0.7335058214747736 0.7334004024144869 0.7518115942028986 0.7494339622641509 0.750503018108652 0.7496229260935143 0.7469879518072289 
idx 290 0.7058034216705803 0.709056603773585 0.7322121604139716 0.7339034205231388 0.75 0.7464150943396225 0.7515090543259557 0.7450980392156863 0.7469879518072289 
idx 300 0.7061388795706139 0.7067924528301887 0.7326433807675721 0.7339034205231388 0.7518115942028986 0.7494339622641509 0.7565392354124748 0.746606334841629 0.75 
idx 310 0.7078161690707816 0.7083018867924529 0.7339370418283743 0.7349094567404426 0.7518115942028986 0.7479245283018868 0.7565392354124748 0.7496229260935143 0.75 
idx 320 0.7081516269708151 0.7056603773584905 0.733074601121173 0.7344064386317908 0.7524154589371981 0.7479245283018868 0.755533199195171 0.7496229260935143 0.7560240963855421 
idx 330 0.711170748071117 0.7067924528301887 0.7335058214747736 0.7359154929577465 0.7493961352657006 0.750188679245283 0.7525150905432596 0.751131221719457 0.7590361445783133 
idx 340 0.7101643743710164 0.7075471698113207 0.7335058214747736 0.7374245472837022 0.7493961352657006 0.7479245283018868 0.7545271629778671 0.7496229260935143 0.7530120481927711 
idx 350 0.711170748071117 0.7075471698113207 0.734368262181975 0.7344064386317908 0.7481884057971014 0.7471698113207546 0.7535211267605635 0.7526395173453997 0.7560240963855421 
idx 360 0.7088225427708824 0.7071698113207546 0.733074601121173 0.7354124748490946 0.7481884057971014 0.748679245283019 0.7515090543259557 0.751131221719457 0.7590361445783133 
idx 370 0.7098289164709829 0.7018867924528301 0.7326433807675721 0.7323943661971831 0.75 0.7471698113207546 0.7494969818913482 0.7496229260935143 0.7590361445783133 
idx 380 0.7074807111707481 0.7026415094339623 0.7339370418283743 0.7354124748490946 0.7493961352657006 0.7479245283018868 0.750503018108652 0.7496229260935143 0.7620481927710845 
idx 390 0.7078161690707816 0.6988679245283019 0.733074601121173 0.7364185110663984 0.7475845410628019 0.7471698113207546 0.7494969818913482 0.751131221719457 0.7650602409638553 
idx 400 0.7047970479704797 0.6984905660377358 0.7335058214747736 0.7374245472837022 0.751207729468599 0.7494339622641509 0.7525150905432596 0.7586726998491704 0.7650602409638553 
idx 410 0.7037906742703791 0.6935849056603773 0.7313497197067702 0.7364185110663984 0.7506038647342996 0.7509433962264151 0.7525150905432596 0.755656108597285 0.7620481927710845 
idx 420 0.7031197584703119 0.6935849056603773 0.7309184993531694 0.7323943661971831 0.75 0.7494339622641509 0.7575452716297787 0.7571644042232277 0.7620481927710845 
1 0.7031197584703119 0.6935849056603773 0.7309184993531694 0.7323943661971831 0.75 0.7494339622641509 0.7575452716297787 0.7571644042232277 0.7620481927710845 
265.0 minutes
